322
8
513
517
103
306
503
85
531
285
0
485
550
144
117
87
239
10
206
347
295
15
534
114
173
110
448
72
447
524
129
52
400
479
26
150
357
562
366
177
296
220
530
480
316
283
258
487
314
86
435
528
551
17
124
494
120
388
496
7
169
269
543
207
381
112
88
37
446
497
315
500
559
318
537
313
91
203
4
223
437
522
419
525
255
276
161
396
453
12
536
56
375
14
436
260
232
365
138
226
50
545
19
523
179
233
505
100
566
106
213
6
133
367
185
568
216
294
195
346
529
489
157
363
73
158
147
356
302
18
61
5
432
126
97
238
403
560
326
197
153
434
172
308
469
200
119
282
254
307
234
257
167
170
540
237
42
38
549
190
323
109
48
377
372
383
108
532
287
450
230
421
98
430
478
45
339
412
268
146
416
472
196
433
547
221
292
16
309
259
519
272
474
499
354
115
101
267
63
317
493
382
46
224
123
362
508
418
41
116
344
338
186
231
556
32
228
343
305
380
53
476
514
565
333
299
401
184
483
473
311
43
134
288
82
187
191
541
371
27
507
481
130
384
468
290
398
502
328
192
159
561
275
280
183
176
431
557
151
409
189
301
62
165
256
441
417
406
209
378
21
252
22
376
386
420
128
538
23
208
405
125
310
132
340
422
222
93
429
3
345
145
460
175
164
181
243
389
355
558
264
263
361
40
211
225
250
492
68
334
99
501
162
482
105
143
455
424
168
131
242
373
113
464
104
426
440
337
57
219
364
533
392
142
399
139
379
47
319
33
265
353
387
60
443
324
67
244
512
552
297
94
1
251
270
204
155
408
330
461
80
140
236
554
477
352
385
393
9
466
136
414
521
394
163
174
71
402
31
542
368
467
24
278
374
202
370
193
28
214
154
438
471
567
76
444
79
358
336
171
54
539
102
332
152
210
253
107
36
44
413
360
350
137
29
449
92
404
51
516
331
470
178
445
148
484
329
351
348
548
248
553
201
325
463
563
291
488
504
13
509
39
77
227
458
246
156
245
535
266
555
198
261
281
456
118
279
335
277
59
180
182
89
247
475
66
459
274
166
321
11
490
520
451
369
452
194
506
83
95
215
286
298
30
510
304
407
235
411
341
240
96
122
64
149
70
199
397
188
300
349
55
2
69
78
486
289
90
84
320
111
395
58
35
271
439
564
425
49
526
342
415
498
273
465
495
34
303
218
442
410
121
65
217
160
454
75
284
229
527
293
546
391
491
427
390
457
135
544
359
81
241
127
141
212
515
262
518
462
249
423
205
25
20
428
74
511
312
327
